crimbo21	first	10805
crimbo21	last	10880
crimbo22	first	11036
crimbo22	last	11088
crimbo22	list	1
crimbo23	first	-1
crimbo23	last	-1
crimbo23	list	11365	11366	11367	11368	11378	11379	11380	11381	11382	11383	11384	11385	11386	11387	11388	11389	11396	11397	11398	11399	11400	11401	11402	11403	11404	11405	11406	11407	11408	11409	11410	11411	11412	11413	11414	11415	11416	11417	11418	11419	11420	11421	11422	11423	11424	11425	11426	11427	11428	11429	11430	11431	11432	11433	11434	11435	11436	11437	11438	11439	11440	11441	11442	11443	11444	11445	11446	11447	11448	11449	11450	11451	11452	11453	11454	11455	11456	11457	11458	11459	11460	11461	11462	11463	11464	11465	11466	11467	11468	11469	11470	11471	11472	11473	11474	11475	11476	11477	11478	11479	11480	11481	11482	11483	11484	11485	11486	11487	11488	11489	11490	11491	11492	11493	11494	11495	11496	11497	11498	11499	11500	11501	11502	11503
crimbo24	first	11709
crimbo24	last	11781
shadowrifts23	first	11135
shadowrifts23	last	11146
